02242251201
03850060470
03404709250
08074775240
03282737246
71016434260
01078819777
02619293219
99291231215
00686999215
03812434270
00822879298
02732799203
02617221237
16047184200
07820375264
03220217079
30769515991
02812646276
01441341285
05382971315
03878539282
70774298227
95629980378
06933471209
00634843230
47961988653
38189151215
78691176253
03039504207
60682647268
03161133285
92575617200
03316543260
64413241215
85783302503
65706730253
05787654463
00658352202
03949641289
03551421200
03282442289
86114921291
40929639200
02850352233
51267357215
00829717226
03453906284
04721224109
03233275242
00638913284
05542050255
70732496250
03799176292
04851185219
58319620244
00347375294
02896449256
44625383234
03334071219
03850159256
40320611817
71077296240
15392945287
01056737220
52453081268
71073252213
94644640204
70317223224
39448711387
07552437227
05773625423
03332183290
22541683200
02737808243
04965276906
38265907249
04483473263
97814024234
71742990169
68394659268
06611416242
02811401547
04502099201
29545960230
71075990203
22574336291
86855522220
02784856429
70771721200
69685134200
22585893200
11026888271
61107935318
03334710246
10845151215
01183449275
71245858211
50788396234
66365627220
04021143297
57176027234
01982875267
37602691253
03518972243
92284167420
05060243265
04501882212
00692171223
92707998249
03234335290
01110196210
05997412288
11583517200
99430479172
38330180204
06936456286
71014296293
83486224204
44732015204
10930798350
06881353405
08185446270
70667864245
70198172206
05421380262
52929132272
05668106209
03911434251
98065173268
70269632280
22459316291
03368188232
09000381444
71337665150
38188163287
51267357215
04202662245
